0(4):
5(8):1 2 3 4 5 
5(8):3 4 5 6 5 
5(8):-1 0 1 2 5 
9(16):1 2 3 4 5 6 7 8 9 
9(16):3 4 5 6 5 6 7 8 9 
9(16):-1 0 1 2 5 6 7 8 9 
17(32):1 2 3 4 5 6 7 8 9 10 11 12 13 14 15 16 17 
17(32):3 4 5 6 5 6 7 8 9 10 11 12 13 14 15 16 17 
17(32):-1 0 1 2 5 6 7 8 9 10 11 12 13 14 15 16 17 
33(64):1 2 3 4 5 6 7 8 9 10 11 12 13 14 15 16 17 18 19 20 21 22 23 24 25 26 27 28 29 30 31 32 33 
33(64):3 4 5 6 5 6 7 8 9 10 11 12 13 14 15 16 17 18 19 20 21 22 23 24 25 26 27 28 29 30 31 32 33 
33(64):-1 0 1 2 5 6 7 8 9 10 11 12 13 14 15 16 17 18 19 20 21 22 23 24 25 26 27 28 29 30 31 32 33 
65(128):1 2 3 4 5 6 7 8 9 10 11 12 13 14 15 16 17 18 19 20 21 22 23 24 25 26 27 28 29 30 31 32 33 34 35 36 37 38 39 40 41 42 43 44 45 46 47 48 49 50 51 52 53 54 55 56 57 58 59 60 61 62 63 64 65 
65(128):3 4 5 6 5 6 7 8 9 10 11 12 13 14 15 16 17 18 19 20 21 22 23 24 25 26 27 28 29 30 31 32 33 34 35 36 37 38 39 40 41 42 43 44 45 46 47 48 49 50 51 52 53 54 55 56 57 58 59 60 61 62 63 64 65 
65(128):-1 0 1 2 5 6 7 8 9 10 11 12 13 14 15 16 17 18 19 20 21 22 23 24 25 26 27 28 29 30 31 32 33 34 35 36 37 38 39 40 41 42 43 44 45 46 47 48 49 50 51 52 53 54 55 56 57 58 59 60 61 62 63 64 65 
4(4):2 2 2 2 
3(4):hello hello hello 
5(8):5+5i 5+5i 5+5i 5+5i 5+5i 
5(8):5+5i 5+5i 5+5i 5+5i 5+5i 
6(8):5+5i 5+5i 5+5i 5+5i 5+5i 2.3+5.009i 
7(8):5+5i 5+5i 5+5i 5+5i 5+5i 2.3+5.009i -8-75.009i 
3(4):5/8 53.3333 49.3+7i 
We know how to deal with the errors
